令和8年度
中央図書館
日 月

加賀市立図書館休館日カレンダー

休館日

4月
火 水 木
1 2
7 8 9
14 15 16
21 22 23
28 29 30

山中図書館 休館日

金
5
12
19
26

土
6
13
20
27

日 月 火
1
6 7 8
13 14 15
20 21 22
27 28 29

9月
水 木
2 3
9 10
16 17
23 24
30

金
4
11
18
25

土
5
12
19
26

土
4
11
18
25

７月
日 月 火 水 木
1 2
5 6 7 8 9
12 13 14 15 16
19 20 21 22 23
26 27 28 29 30

金
3
10
17
24
31

土
4
11
18
25

10月
日 月 火 水 木
1
4 5 6 7 8
11 12 13 14 15
18 19 20 21 22
25 26 27 28 29

金
2
9
16
23
30

土
3
10
17
24
31

日
1
8
15
22
29

金
6
13
20
27

土
7
14
21
28

日 月 火
1
6 7 8
13 14 15
20 21 22
27 28 29

12月
水 木
2 3
9 10
16 17
23 24
30 31

金
4
11
18
25

土
5
12
19
26

1月
日 月 火 水 木 金
1
3 4 5 6 7 8
10 11 12 13 14 15
17 18 19 20 21 22
24 25 26 27 28 29
31

土
2
9
16
23
30

2月
日 月 火 水 木 金
1 2 3 4 5
7 8 9 10 11 12
14 15 16 17 18 19
21 22 23 24 25 26
28

土
6
13
20
27

日 月
1
7 8
14 15
21 22
28 29

3月
水 木
3 4
10 11
17 18
24 25
31

金
5
12
19
26

土
6
13
20
27

【開館時間】

3
10
17
24
31

土
2
9
16
23
30

６月
火 水 木
2 3 4
9 10 11
16 17 18
23 24 25
30

金
3
10
17
24

5 6
12 13
19 20
26 27

日

5月
月 火 水 木 金
1
4 5 6 7 8
11 12 13 14 15
18 19 20 21 22
25 26 27 28 29

両館 休館日

8月
日 月 火 水 木 金 土
1
2 3 4 5 6 7 8
9 10 11 12 13 14 15
16 17 18 19 20 21 22
23 24 25 26 27 28 29
30 31

月
2
9
16
23
30

火
3
10
17
24

11月
水 木
4 5
11 12
18 19
25 26

日 月
1
7 8
14 15
21 22
28 29

火
2
9
16
23
30

中央：午前９時～午後７時（土日祝：午前９時～午後６時）
山中：午前９時～午後６時

【休 館 日】

中央：月曜

山中：金曜（両館ともに祝日は開館）

年末年始（12/29～1/3）
【特別整理休館日】

中央：1/5（火）, 2/4（木）～2/16（火）
山中：1/4（月）, 1/26（火）～2/2（火）
5/19（火）, 6/16（火）, 7/14（火）, 10/20（火）, 12/15（火）

令和7年度
中央図書館

加賀市立図書館休館日カレンダー
休館日

山中図書館

休館日

両館

休館日

4月

5月

６月

日 月 火 水 木 金 土

日 月 火 水 木 金 土

日 月 火 水 木 金 土

1

2

5

1 2 3

1 2 3 4 5 6 7

8

9 10 11 12

4 5 6 7 8 9 10

8 9 10 11 12 13 14

13 14 15 16 17 18 19

11 12 13 14 15 16 17

15 16 17 18 19 20 21

20 21 22 23 24 25 26

18 19 20 21 22 23 24

22 23 24 25 26 27 28

27 28 29 30

25 26 27 28 29 30 31

29 30

6

7

3

4

７月

8月

9月

日 月 火 水 木 金 土

日 月 火 水 木 金 土

日 月 火 水 木 金 土

1

2

5

1 2

1 2 3 4 5 6

8

9 10 11 12

3 4 5 6 7 8 9

7 8 9 10 11 12 13

13 14 15 16 17 18 19

10 11 12 13 14 15 16

14 15 16 17 18 19 20

20 21 22 23 24 25 26

17 18 19 20 21 22 23

21 22 23 24 25 26 27

27 28 29 30 31

24 25 26 27 28 29 30

28 29 30

6

7

3

4

31

10月

11月

12月

日 月 火 水 木 金 土

日 月 火 水 木 金 土

日 月 火 水 木 金 土

1

2

4

1

1 2 3 4 5 6

8

9 10 11

2 3 4 5 6 7 8

7 8 9 10 11 12 13

12 13 14 15 16 17 18

9 10 11 12 13 14 15

14 15 16 17 18 19 20

19 20 21 22 23 24 25

16 17 18 19 20 21 22

21 22 23 24 25 26 27

26 27 28 29 30 31

23 24 25 26 27 28 29

28 29 30 31

5

6

7

3

30

1月

2月

3月

日 月 火 水 木 金 土

日 月 火 水 木 金 土

日 月 火 水 木 金 土

1

2

3

1 2 3 4 5 6 7

1 2 3 4 5 6 7

8

9 10

8 9 10 11 12 13 14

8 9 10 11 12 13 14

11 12 13 14 15 16 17

15 16 17 18 19 20 21

15 16 17 18 19 20 21

18 19 20 21 22 23 24

22 23 24 25 26 27 28

22 23 24 25 26 27 28

4

5

6

7

25 26 27 28 29 30 31
【開館時間】

29 30 31

中央：午前９時～午後７時（土日祝：午前９時～午後６時）
山中：午前９時～午後６時

【休 館 日】

中央：月曜 山中：金曜（両館ともに祝日は開館）
年末年始（12/29～1/3）

【特別整理休館日】

中央：9/25（木）～10/7（火）,1/4（日）
山中：9/2（火）～9/9（火）,1/4（日）
第3水 5/21, 6/18, 7/16, 1/21, 2/18

